352   FT911-3246   0.05172160548949218     1
352   FT911-4606   0.0401680130797597     2
352   FT911-435   0.032164012958455834     3
352   FT911-4687   0.030979586060546415     4
352   FT911-628   0.03000452201183299     5
352   FT911-3645   0.029519535398662134     6
352   FT911-5063   0.028900574609756403     7
352   FT911-3635   0.0249494503036277     8
352   FT911-3322   0.024701386752521034     9
352   FT911-1573   0.024678805134233144     10
353   FT911-122   0.27022314974962947     1
353   FT911-558   0.12897756549544123     2
353   FT911-4151   0.11364013503682117     3
353   FT911-4929   0.07379356863029138     4
353   FT911-1627   0.07139972050158805     5
353   FT911-4341   0.06450109031344216     6
353   FT911-4194   0.059781991404289296     7
353   FT911-606   0.05748489365574806     8
353   FT911-1631   0.05494777268005771     9
353   FT911-1627   0.04538234929000268     10
354   FT911-4804   0.16333043010149123     1
354   FT911-4783   0.14047359770563     2
354   FT911-1585   0.14004145040921015     3
354   FT911-3461   0.12058857402674206     4
354   FT911-885   0.09870964609746109     5
354   FT911-1653   0.09657378453507173     6
354   FT911-1288   0.09627113838833752     7
354   FT911-2700   0.05739798037692482     8
354   FT911-1869   0.05684803041524797     9
354   FT911-2163   0.04560241304094667     10
359   FT911-1897   0.06501352817712462     1
359   FT911-1412   0.04555116265338136     2
359   FT911-4649   0.04116033227407932     3
359   FT911-5244   0.039387021693004766     4
359   FT911-511   0.03803415356610005     5
359   FT911-380   0.03680951475385683     6
359   FT911-1495   0.028693469019829585     7
359   FT911-4649   0.027656924531657863     8
359   FT911-2684   0.02724086908438044     9
359   FT911-3257   0.0265909664526145     10
