352   FT911-5193   0.017591908512910467     1
352   FT911-1449   0.009323530997483044     2
352   FT911-2751   0.009045348295586923     3
352   FT911-1028   0.008506987289249373     4
352   FT911-4149   0.008289416633791697     5
352   FT911-2967   0.007206301445115205     6
352   FT911-141   0.007175942136470556     7
352   FT911-5067   0.0070585542437561185     8
352   FT911-1890   0.0067571555312385305     9
352   FT911-4971   0.0062204142049187856     10
353   FT911-122   0.05456806670257982     1
353   FT911-558   0.03464766039204945     2
353   FT911-4348   0.020639324140902176     3
353   FT911-4151   0.020345590086215264     4
353   FT911-1766   0.02006185206538911     5
353   FT911-2284   0.019269298607399767     6
353   FT911-812   0.016490151614340018     7
353   FT911-64   0.01526066242261088     8
353   FT911-196   0.014594663891526643     9
353   FT911-4330   0.014186722588964244     10
354   FT911-4783   0.054302269639008666     1
354   FT911-1293   0.05181392311292523     2
354   FT911-1702   0.04008953996674283     3
354   FT911-4630   0.037651498675866896     4
354   FT911-5224   0.03451945337311569     5
354   FT911-4079   0.03426050064872756     6
354   FT911-217   0.033251043376717394     7
354   FT911-3660   0.0288323516702292     8
354   FT911-2196   0.02859353203498253     9
354   FT911-2196   0.02643839927767416     10
359   FT911-428   0.013491355802727072     1
359   FT911-3939   0.010288380205508383     2
359   FT911-4283   0.010185509996450634     3
359   FT911-1805   0.010141377857221613     4
359   FT911-1446   0.00991362789605792     5
359   FT911-615   0.009324154460760044     6
359   FT911-1884   0.008786425054912382     7
359   FT911-4648   0.008318770581388246     8
359   FT911-4668   0.008200949136715653     9
359   FT911-1288   0.007828296994781915     10
