352   FT911-1452   0.02177023857754202     1
352   FT911-146   0.01675566610673294     2
352   FT911-5193   0.014669636058308226     3
352   FT911-5304   0.014450450573753942     4
352   FT911-3236   0.014378302543853779     5
352   FT911-5103   0.014137308205265429     6
352   FT911-2459   0.013430335853284148     7
352   FT911-5181   0.012870423755322947     8
352   FT911-1879   0.011945243023535604     9
352   FT911-508   0.011565477335011154     10
353   FT911-122   0.11325013704945475     1
353   FT911-558   0.05404182196999199     2
353   FT911-4151   0.04762641868086726     3
353   FT911-68   0.03902444681027487     4
353   FT911-1804   0.03274586300259403     5
353   FT911-4929   0.030898301775298825     6
353   FT911-1443   0.030741371590391732     7
353   FT911-1753   0.029923521132773336     8
353   FT911-1098   0.029626613803955735     9
353   FT911-4341   0.02702606787622009     10
354   FT911-4783   0.10480875809672908     1
354   FT911-1293   0.10000600287403087     2
354   FT911-4630   0.07267112116918674     3
354   FT911-5224   0.06662596356037412     4
354   FT911-4079   0.06609328384703994     5
354   FT911-217   0.06417780665342077     6
354   FT911-3661   0.05564929406549281     7
354   FT911-2203   0.05518834851854394     8
354   FT911-2203   0.05102872886859825     9
354   FT911-4798   0.04419039318369922     10
359   FT911-1452   0.023587809670918822     1
359   FT911-1886   0.02083693624809441     2
359   FT911-143   0.01815457656227971     3
359   FT911-4589   0.017572352873484225     4
359   FT911-4648   0.016525268321089272     5
359   FT911-4971   0.01550452053443634     6
359   FT911-5107   0.01531761510178959     7
359   FT911-1412   0.014596988831575458     8
359   FT911-2458   0.0145516184765464     9
359   FT911-5244   0.012624203547492815     10
